capacity,cost
0,324.98
0,202.21
0,335.813
0,291.038
0,223.875
0,281.649
0,194.988
0,223.875
0,201.488
0,291.038
0,194.988
0,335.813
45,250.088
45,288.563
45,250.088
45,277.73
45,166.638
45,192.375
45,173.138
45,288.563
45,170.71
45,166.638
45,192.375
45,240.699
110,186.934
110,143.795
110,143.795
110,204.86
110,122.916
110,186.934
110,215.693
110,122.916
110,129.416
110,215.693
110,122.13
110,177.545
260,65.933
260,43.955
260,22.29
260,43.955
260,33.06
260,39.56
260,33.06
260,65.933
260,55.1
260,57.142
260,47.753
260,57.142
305.453,0
327.271,0
327.271,0
327.271,0
327.271,0
338.18,0
338.18,0
338.18,0
338.18,0
338.18,0
338.18,0
338.18,0
381.816,0
409.089,0
409.089,0
409.089,0
409.089,0
422.725,0
422.725,0
422.725,0
422.725,0
422.725,0
422.725,0
422.725,0
